  -3.7970523182567     -9.2316711017068
  -3.7279733019942     -3.6970827053151
  -3.6588942857318     -8.1979806644079
  -3.5898152694693     -5.5746349477218
  -3.5207362532069     -4.5758414278151
  -3.4516572369444     -7.7890783070495
  -3.3825782206819      -13.92645842487
  -3.3134992044195     -2.4574776758746
   -3.244420188157     -10.727914395399
  -3.1753411718945      -1.443882027589
  -3.1062621556321     -4.9967164496701
  -3.0371831393696     -9.2240157812312
  -2.9681041231071     -6.9429756850206
  -2.8990251068447     -9.9664176221696
  -2.8299460905822      -10.60650160889
  -2.7608670743198     -3.2759860992349
  -2.6917880580573     -6.8327088301497
  -2.6227090417948     -11.038076673482
  -2.5536300255324     -6.7157374926344
  -2.4845510092699     -4.2053400698282
  -2.4154719930074     -4.4611512953022
   -2.346392976745     -5.6415375394452
  -2.2773139604825     -5.9649833675989
    -2.20823494422      -9.138044928971
  -2.1391559279576      1.2891353289004
  -2.0700769116951     -2.4765311707903
  -2.0009978954327    -0.85775433880699
  -1.9319188791702     -7.7669630852581
  -1.8628398629077     -9.6757717714354
  -1.7937608466453     -7.5525387421099
  -1.7246818303828     -5.1687736984666
  -1.6556028141203     -8.7598925987663
  -1.5865237978579     0.99793096364088
  -1.5174447815954     -1.4472704728538
   -1.448365765333     -11.034024833471
  -1.3792867490705     -10.266590810499
   -1.310207732808     -16.447782581877
  -1.2411287165456     -4.3415120601141
  -1.1720497002831     -7.8931493681089
  -1.1029706840206     -2.3352750289037
  -1.0338916677582     -1.5602252686678
 -0.96481265149571      4.1051312576068
 -0.89573363523324     -3.3711494611733
 -0.82665461897078     -1.1457288524733
 -0.75757560270832     -3.1068771678716
 -0.68849658644585     -4.6217232927045
 -0.61941757018339     -6.1754771037816
 -0.55033855392093     -8.4955572522824
 -0.48125953765846      3.5684290438261
   -0.412180521396     -4.1657015312306
 -0.34310150513354      -2.728967551361
 -0.27402248887107       2.167095650317
 -0.20494347260861     -7.8445057026127
 -0.13586445634615     -5.6238446566982
-0.066785440083683      5.2912392525332
 0.002293576178781     -3.4985189833597
 0.071372592441244     -1.7974717021034
  0.14045160870371     -4.3340538000826
  0.20953062496617     -1.4561384687445
  0.27860964122863     -2.5407923292163
   0.3476886574911      1.8494195634762
  0.41676767375356      1.3057543818484
  0.48584669001603    -0.95976493771107
  0.55492570627849       1.326334504375
  0.62400472254095     -9.2639700422995
  0.69308373880342       -5.50040507681
  0.76216275506588      5.9578849959131
  0.83124177132834      2.9131732288507
  0.90032078759081      2.5259599052687
  0.96939980385327       3.441739162574
   1.0384788201157      2.2762107570307
   1.1075578363782      3.5016434236147
   1.1766368526407      2.0840461105329
   1.2457158689031     -2.8777995735316
   1.3147948851656      6.2607191181668
    1.383873901428      4.0975220220438
   1.4529529176905      5.0648319883154
    1.522031933953      6.1741289174652
   1.5911109502154     -1.2872827115885
   1.6601899664779     -0.5075614820026
   1.7292689827404    -0.95776309315806
   1.7983479990028     -9.0962917090956
   1.8674270152653      7.5761336524442
   1.9365060315278      3.0248443365818
   2.0055850477902      7.9261333739036
   2.0746640640527     0.25936625885143
   2.1437430803151      7.2389262508621
   2.2128220965776      2.6170612281217
   2.2819011128401     -3.7550711836538
   2.3509801291025      1.5315266006464
    2.420059145365      4.9586534243149
   2.4891381616275       5.227576236307
   2.5582171778899    -0.74543896743877
   2.6272961941524      10.018813355124
   2.6963752104149      1.8772579709996
   2.7654542266773     -3.0805114909697
   2.8345332429398      6.2343037210367
   2.9036122592022     0.20236998548566
   2.9726912754647     -3.0126741627677
   3.0417702917272    -0.46906813607123
   3.1108493079896      6.9679662290909
   3.1799283242521     -2.7412213192901
   3.2490073405146     0.87141158705785
    3.318086356777      2.0797335107095
   3.3871653730395      6.1137319353274
    3.456244389302      5.1590302506767
   3.5253234055644      1.9227362038256
   3.5944024218269     -2.4384249696717
   3.6634814380893       2.832100638204
   3.7325604543518     0.46054105389529
   3.8016394706143      6.5697737129202
   3.8707184868767        5.44786849358
   3.9397975031392     -2.8406177637071
   4.0088765194017      2.9431581132464
   4.0779555356641     0.53453004896274
   4.1470345519266     0.87735013524014
   4.2161135681891     -2.3624635679054
   4.2851925844515     -4.6749915922068
    4.354271600714      2.4438804004907
   4.4233506169764    -0.50860034891647
   4.4924296332389    0.048755636276339
   4.5615086495014      8.4661215312285
   4.6305876657638      5.5861050434887
   4.6996666820263      9.4283847775587
   4.7687456982888      2.8460344022928
   4.8378247145512      9.6183966803644
   4.9069037308137      5.7016674309981
   4.9759827470762      3.0499781469956
   5.0450617633386     -1.5706406296536
   5.1141407796011      6.4340037393295
   5.1832197958635      1.9533934615536
    5.252298812126    -0.70658108857413
   5.3213778283885      7.1770316880788
   5.3904568446509      4.4273157395756
   5.4595358609134      8.4358561062114
   5.5286148771759     0.69835736177739
   5.5976938934383      6.1554529526446
   5.6667729097008      4.9884137157126
   5.7358519259632     -3.8939716205019
   5.8049309422257      6.0547054555552
   5.8740099584882     0.28824445775885
   5.9430889747506       6.032154795448
   6.0121679910131      10.090264067151
   6.0812470072756      1.2705289323016
    6.150326023538      9.9745125179829
   6.2194050398005      7.6536922017393
    6.288484056063     -2.6159605096047
   6.3575630723254      2.1580396643736
   6.4266420885879      2.0031896811518
   6.4957211048503      1.2254997660161
   6.5648001211128      4.8707141127716
   6.6338791373753      10.060715362908
   6.7029581536377      9.3120608665353
   6.7720371699002      4.0779322542485
   6.8411161861627      3.1733129713637
   6.9101952024251      10.105013002721
   6.9792742186876      5.0335095125782
   7.0483532349501      5.5601928031396
   7.1174322512125      5.0576224040624
    7.186511267475      5.6488681269642
   7.2555902837374     -1.8992157319642
   7.3246692999999      10.494539988981
   7.3937483162624      5.1147361225671
   7.4628273325248      2.7283057074484
   7.5319063487873      3.8044026286051
   7.6009853650498      14.657197697399
   7.6700643813122       4.588591640504
   7.7391433975747      7.5258793555547
   7.8082224138372     0.13054394481063
   7.8773014300996      4.5131226576473
   7.9463804463621      9.3978867736333
   8.0154594626245      7.0814110551761
    8.084538478887      8.9538592673621
   8.1536174951495      4.2116532877997
   8.2226965114119       5.264397143232
   8.2917755276744      7.8766708482532
   8.3608545439369      7.6400588766876
   8.4299335601993      2.1677240936733
   8.4990125764618      11.088297714825
   8.5680915927242      21.447611843958
   8.6371706089867      4.7040690278725
   8.7062496252492       10.68310680374
   8.7753286415116     -1.9573530391385
   8.8444076577741      10.852270053949
