0.023158098177535      1.8335285052802
 0.04631619635507      6.3869586282395
0.069474294532604      3.3975386735415
0.092632392710139     0.13636912754649
 0.11579049088767       5.067153911142
 0.13894858906521       6.808460691022
 0.16210668724274      5.7006503581042
 0.18526478542028      5.2428328400968
 0.20842288359781      2.5477213460768
 0.23158098177535    -0.40904125378352
 0.25473907995288      5.2050639466669
 0.27789717813042       2.187071233384
 0.30105527630795      4.4624639875844
 0.32421337448549       2.332513839685
 0.34737147266302   -0.099778526766786
 0.37052957084056      4.4234018171402
 0.39368766901809      2.1517441874473
 0.41684576719563     0.29046137365359
 0.44000386537316      5.0754280565354
  0.4631619635507     0.07587937061262
 0.48632006172823      4.3475208686227
 0.50947815990576    -0.32921729860523
  0.5326362580833     -2.0658562059779
 0.55579435626083      2.3946169106411
 0.57895245443837      6.7111080208346
  0.6021105526159       1.791831307945
 0.62526865079344      1.2576634509803
 0.64842674897097    -0.11188011290104
 0.67158484714851      1.2849121745291
 0.69474294532604   0.0017211252345252
 0.71790104350358     -1.7245945860854
 0.74105914168111     -1.1405153417603
 0.76421723985865     -2.7258617376061
 0.78737533803618     0.15772958035197
 0.81053343621372     -1.9102465357568
 0.83369153439125   -0.067772824619017
 0.85684963256879     -2.5012977167061
 0.88000773074632     0.33911049428621
 0.90316582892386      1.0704339805139
 0.92632392710139     0.98376010326474
 0.94948202527893      3.9990186492414
 0.97264012345646      2.4946046817533
 0.99579822163399     -2.3080338924762
  1.0189563198115     -4.9068556272084
  1.0421144179891     -2.2843793852365
  1.0652725161666     -2.1442842881355
  1.0884306143441     -2.3050787079042
  1.1115887125217     -3.9699298980168
  1.1347468106992     -3.6470959006811
  1.1579049088767     -2.9964803888294
  1.1810630070543     -2.7930382660804
  1.2042211052318      -3.668982921314
  1.2273792034093   -0.035066221174244
  1.2505373015869     -5.6658705218828
  1.2736953997644      2.6456981399223
  1.2968534979419     -3.6068790524425
  1.3200115961195     -1.7652140314436
   1.343169694297     -3.2343567157975
  1.3663277924746     -0.9987521807663
  1.3894858906521    -0.40938617408994
  1.4126439888296     -3.0655982280542
  1.4358020870072      -4.620095023887
  1.4589601851847     -1.0843389537728
  1.4821182833622    -0.76295045347609
  1.5052763815398     0.18950425350291
  1.5284344797173      2.5698088326039
  1.5515925778948     -3.1376816813518
  1.5747506760724     -2.9069382415626
  1.5979087742499       -1.54100620394
  1.6210668724274      4.9035705144826
   1.644224970605     -1.5773618967033
  1.6673830687825     0.37185088387224
    1.69054116696      -2.309321946325
  1.7136992651376       1.628040382388
  1.7368573633151      2.9585168487304
  1.7600154614926      3.1861420545759
  1.7831735596702      1.7767998168325
  1.8063316578477    -0.22080247387256
  1.8294897560252      2.1060043464886
  1.8526478542028    -0.28120499085859
  1.8758059523803     -3.6905522012491
  1.8989640505579      2.6633918592173
  1.9221221487354      2.0363381692336
  1.9452802469129   -0.035067067310859
  1.9684383450905    -0.80483056911883
   1.991596443268     -2.5287734704038
  2.0147545414455     -1.9888335260315
  2.0379126396231      3.9830073303061
  2.0610707378006      0.4758289124776
  2.0842288359781     0.34476236747624
  2.1073869341557      1.2911576137839
  2.1305450323332      2.8940928506258
  2.1537031305107     0.69797624865116
  2.1768612286883    0.032482420108918
  2.2000193268658    -0.99742487333708
  2.2231774250433      2.1654156630439
  2.2463355232209     -1.3706090404128
  2.2694936213984      2.0811509742257
  2.2926517195759    -0.17044858391751
  2.3158098177535     0.62122868875505
   2.338967915931      1.2971776051646
  2.3621260141085     0.81861623215508
  2.3852841122861     0.25187344563806
  2.4084422104636      3.6833278126231
  2.4316003086412      2.7880031480909
  2.4547584068187   -0.080576609316839
  2.4779165049962    -0.19211638899282
  2.5010746031738     -2.5965191404761
  2.5242327013513     -3.5061686472576
  2.5473907995288     -2.5019855160729
  2.5705488977064     -1.5009350661358
  2.5937069958839     -1.0433819002146
  2.6168650940614     0.20237606511433
   2.640023192239     -3.5328882527775
  2.6631812904165     -3.6896467902835
   2.686339388594     -5.7402724852629
  2.7094974867716     -2.7400411192387
  2.7326555849491     -1.3512142458888
  2.7558136831266     -2.0359752713292
  2.7789717813042     -7.8990472746427
  2.8021298794817     -6.2473185563128
  2.8252879776592      -6.753033914844
  2.8484460758368     -3.0250754465054
  2.8716041740143     -4.1629690854384
  2.8947622721918    -0.81657442458558
  2.9179203703694     -8.4020258544092
  2.9410784685469      -5.571338562133
  2.9642365667244     -2.0881317873137
   2.987394664902     -4.6269447038114
  3.0105527630795     -4.6894465969844
  3.0337108612571     -4.8239872523179
  3.0568689594346     0.51342163420317
  3.0800270576121     -5.3188289656071
  3.1031851557897     -3.3370490358447
  3.1263432539672     -5.5502701594996
  3.1495013521447     -1.0662506911172
  3.1726594503223      -5.378509871562
  3.1958175484998     -7.0576357805927
  3.2189756466773     -1.3866402419009
  3.2421337448549     -5.1242233939254
  3.2652918430324     -4.1610591869191
  3.2884499412099     -5.8638133924074
  3.3116080393875     -4.7191503426929
   3.334766137565     -6.4573628502589
  3.3579242357425     -4.6993124152052
  3.3810823339201     -4.3525055894189
  3.4042404320976     -1.7003527617484
  3.4273985302751     -3.1067018244611
  3.4505566284527      -1.819147709497
  3.4737147266302    -0.21699158525794
  3.4968728248077     -5.1195975159334
  3.5200309229853     -2.0091887710697
  3.5431890211628     0.94313855595414
  3.5663471193404     -4.6332877602465
  3.5895052175179   0.0043806064648579
  3.6126633156954      3.8013553960938
   3.635821413873      1.6751218621492
  3.6589795120505    -0.59980353225124
   3.682137610228      -1.334741888683
  3.7052957084056     0.63191839163066
  3.7284538065831      1.0801836008012
  3.7516119047606     -1.1315428379815
  3.7747700029382      4.8352107785562
  3.7979281011157      3.0345890770296
  3.8210861992932      1.0753499663225
  3.8442442974708      1.6404872147932
  3.8674023956483     -2.5089871549672
  3.8905604938258        5.95137761815
  3.9137185920034   -0.043471841589237
  3.9368766901809      6.3043714692142
  3.9600347883584     -1.0796700993319
   3.983192886536      4.3004617401749
  4.0063509847135      2.9132287394017
   4.029509082891      4.7232588259323
  4.0526671810686      2.9485754953064
  4.0758252792461       1.612348159873
  4.0989833774237      4.8192220343816
  4.1221414756012       6.392313068192
  4.1452995737787      7.2823963894594
  4.1684576719563      2.0434948390907
  4.1916157701338    -0.29066530846623
