    2.5972569940724       2.209882488141
    1.1279374958995      3.2989371490434
  -0.19134850899091     0.58561457757586
 -0.097834918417937      3.1324149513138
    1.4349551088866      2.1054710237458
   0.87879372969187      2.0222151070269
   0.37275874401754      2.5521485908077
    1.1952865404036      2.5176471378407
  -0.31021521045781      1.6044982903332
  -0.80870118864939     0.18867035090052
    0.1865993635719   -0.085421414070171
   0.51710308419572       2.701311962511
   -3.6708940202898     -2.0897989963665
     1.886982788943      1.2271896487755
  -0.50012688103862     -1.0677597960267
  -0.98788064292056     -1.0559213422039
   0.91539472931583     0.62506369603657
   -3.0579712657054     0.52742932779465
   0.57417197300434      1.3360617101991
    1.9077129911785      1.5862117576025
  -0.76346396278812    -0.82068170416466
   0.53542663127725     -1.3469626290296
    1.1931772076418    -0.15340772767146
    1.2129912072741    -0.33354663711978
  -0.89997016678314    -0.63332683405635
  -0.28431544658741      1.7846853354104
  -0.31746900438942      1.3719942510008
  -0.79259046769623       0.811332362045
    1.4863759625634      1.3759214512533
   -0.2323686134948      0.9627320851039
    1.8639245331037      2.8044527796891
   -1.7721902256588      1.3500180388917
    3.2424967084694      2.0679294337959
     1.625841067716      1.3612839830756
   0.46952928819279     0.94345878023732
  -0.99449676581817       1.056446704469
    1.0564008970561     0.80397383951731
   0.18999541765772      1.5716108416011
   -2.3095884112307     0.57462878256741
   0.92780096536629      1.2239448441787
  -0.71852460064184     0.80029537720433
     2.845230508046      1.6289733695163
    -0.705830960061      1.1707427874849
   0.77508554728486      1.6952604515343
   -1.0214075830051    -0.85959280462478
  -0.26858870125218       1.909089417082
    1.3980826644202    -0.74237910157341
 -0.050424423460076     -0.1264641001364
    1.2422824896873      2.5131014655881
   0.93406979372738     0.83804655583404
    0.5327042620286     0.63538576265264
     1.381192918959     0.13485593985737
    1.1041106014925     0.77543783419497
    1.4234273342278       2.945286520951
    2.8284398124623      3.8254721232039
   0.93358544002695     0.67574759980509
   0.43966021130713     0.91919797243417
   0.17185080214566     0.91784206044879
  -0.41836830075229     0.19819843033331
    1.7075440434558     -1.1902187832526
   0.55014118351208      4.0749926145809
   0.74293067743286     0.44368110234001
   -2.1099039935559   -0.069810913377953
   -1.3165134595836      1.2286410922618
    1.9375919089505      1.0681186861018
 -0.048892107040544     0.80433086605511
  -0.63672833068105     0.77633441221578
 -0.096670079029292       2.391633435257
   -1.1640558096388     0.29023136551302
    2.3456767526482      1.6516887705916
   0.55849397341674      1.3070213583358
    1.3670780354549     0.50537317005079
  -0.46280808778648     0.62212091907829
    1.4149298214109      2.4130354983559
 -0.080327433586291      3.4114539571804
  0.044599221345459     0.43434186542096
    2.7875563641841      2.7073896904397
   0.36285205226732      2.1489275157998
  -0.93969128562514      3.0973807651435
    1.0216102389921      1.1070549919523
   0.45946846764947      1.7513981261105
   0.23000727008185      1.1419216477226
   0.69378199756039      1.5387893490456
    2.3858019757149      0.5663822078091
  -0.23368508634056      1.4930525762085
   0.96009654865301      1.9288108466829
  -0.79148665489098      1.5696164403041
    4.0401491769294      2.5490725077974
     1.827569148512    -0.43264293668819
   0.54053267312131      2.1509216377041
   0.77548648390968      3.7249955809913
     2.871559019383      2.6565754799946
    1.7359002997509      1.8466520489054
  -0.18518332247907     0.54109156844881
   0.89610972196734      3.0781524286627
    1.7806186676098     0.94186457536338
   0.69653123439091     0.80319877850037
    1.2010986927074      2.4334727520194
   0.87270356852263      2.1434759209452
   -2.6299672951076    -0.98035976762558
  -0.88702017342579      1.9177561930008
  -0.82610965676737      4.2685637130045
    1.9816629671947      2.3939381365798
   0.14569954437742     -1.2048891944936
   0.30472010328378     0.87074949084295
    1.1769807104856      2.1123280570512
  -0.22268830216834      3.5294732646351
    1.1078922958837      2.9604776728206
   -1.7876128571884       1.238005797795
   -1.9855254974109      1.3766242655041
   -1.9519527215053      1.9586670358556
   0.38676560940829       1.402857372434
    1.5348601111734      2.2178740653443
     1.691140697532       2.821721552249
    1.7662908464853      2.4104598042718
    1.0996959337838      2.5036098385414
   -2.2144217908413     0.94438157229604
   0.49211277317735      1.2092067031337
    1.1857254748701        3.31682268743
  -0.23569253493973     0.98535530243982
   0.26406111616208      2.9941709877979
    1.6749504207091      1.3597430236916
   -0.1015532347649     0.74245585181396
    1.0955268952513     -1.3430365688409
 -0.028451781856023      2.6222410331806
   0.33695178891288      1.3732509083028
    -2.068923685227      2.1015742142187
     3.113369074725      1.8727534281628
    2.1084973527995      1.1772589727533
   0.98550745649801       2.018668427306
     2.462894773085      2.0468674281548
    2.1295625570145      2.3970525653731
   0.62804694164538       6.894911311114
    1.6082255403861      1.8204185443857
   0.96872941487718      1.1239029635244
   0.12500436511215      1.6831168983658
   0.64071520288929       2.711712465328
  -0.23063920771557     0.90153217133468
  -0.63465289149547     0.08850970507338
   0.79883160343944      1.3814856190786
    2.5067257272557      2.0039941023991
    1.3701831289559      2.3193801656702
     1.351668016713      2.9776838546692
    1.4003486125044      1.9705891419199
     1.928295496575     0.89545434562117
    2.3064707922998      3.1547441960483
   0.17316414515991      1.8769076935108
   0.10106046024738     0.86342438657168
  -0.99964104275866      1.4389734997063
   0.80912102878116    -0.38588715182962
      1.34002843442    -0.25168021221256
    2.2662402697869      2.6567542012515
    1.0548390663655      2.9891338608204
  -0.29990438556764     0.60994439925298
   0.96839589407119     0.12933177286575
   -2.1610902712261      1.2807221090239
    1.0366004977431      1.8424389509131
    2.3019285504871     0.93844352150793
   0.26554160786064      2.2357218158859
    2.8743729357357      2.5116551212932
   0.55864489609026     0.13582219686139
   0.77939843773626      1.0772664628139
    3.0406505530818      1.1159422427769
   -1.1758067203118      1.4537009182277
    1.1173278771112      2.6954593782592
   0.25913627869748      1.6555223805955
   -1.3635398121006    0.034942038474609
   0.63096505383706      2.0630958881086
  -0.75413608974939        1.83431357716
    1.7755396193722      1.2159109927675
 -0.048579465227523      2.3649544565207
  -0.29591595651293     0.37288453963816
   -1.2194135793668     0.80663584909145
    2.7747746734145      1.8670115896722
   0.77354978551055      2.7371037275838
    1.4678912894997    -0.49144749163983
   0.27534472907605      1.4401978987528
    2.2677134355425       2.294693135653
     1.652291145108      2.2784941165381
   0.60593258313347      1.8374136989112
    1.2577709945199     0.51843943451571
  -0.89003732262081    -0.35334410768938
    3.4357656406702     0.71434455895392
    2.0900792454012      1.8384743284013
   0.11581522626985   -0.059005995088241
   0.62531381511557     0.77132047276565
   -1.5563708604103      2.3694848777497
    2.0760671247039    -0.54197558194838
    2.4452728807258      1.9550482443699
  0.044072078327218     0.90885177080514
   -1.2434009735295      1.3251021789457
  0.014783474516802     0.54845293553949
    1.6101932456536      2.6039310426937
   0.73626740287563     0.72816131986966
  -0.45069484622041      1.8175921940422
   0.40448096958839    -0.13664044054445
 -0.058359241987763      1.0419241575538
   0.28504088592859    -0.51606039476993
  -0.34861247167165      1.4353494090383
    2.7356004001767     0.98206173551717
   -1.2904364913725      3.1504765338992
   0.81675088869638      1.0354660417616
   0.11551701306238      1.6475957897586
    1.1340950879711      0.7665579560505
   0.46489347624817      2.9363383411753
    1.9233219711451      0.5670318162633
  -0.27051121995113      3.3687679081643
    1.8257981094411     0.96802926910366
  -0.37598337903432    -0.15457417076092
   -1.2835980808977      0.3177043955384
  -0.37533756613789    -0.20254288144967
    3.0895390777449     0.25958769579542
   -1.4779136177776    -0.39442939685309
     1.774794498012      2.5297544890238
    2.0526032742821       2.024494515975
   0.71018371786425      1.5626896565042
  -0.32268832312161     0.48854737625142
   -1.7016290041637      2.0287496896689
    0.5901908053084      1.4941279171849
  -0.68111329259195      2.5629834512318
   0.79502313243961      2.0387202898163
   0.68281303534757    -0.14578462516308
  -0.43857470715747      0.1391903322498
  -0.17884882052789    -0.75496674035642
   0.51177708366951      2.5820656646651
   0.26416652734127     0.74710240674998
     1.916163286695     0.60331755985264
   0.24519599048073      0.4196393957638
  0.024623670913429      1.9756558331589
    1.5036166863012     0.69715985992626
    -2.287887134223      1.0324085872781
    -1.357001737908     0.72847306505065
   0.47403364206323       1.449253096841
  -0.59074396090414      1.8699342356452
 -0.094658940806877    -0.45405299505306
    1.6037599387685      1.2058298768565
   0.78686295369201      2.8178454314068
       2.4951068692      2.0465306610966
    1.0504676384474      2.0757017786786
    3.2119188319661      2.4361244581097
  -0.10532816234899     0.37876470985575
   -1.1327448736366     0.99547405027016
  -0.33554620119493       0.639138981656
  -0.19628143125184     0.18155350134542
   0.55752117868287      2.2090961668605
    2.6174728424018   -0.083109528478047
    1.7299361650865       2.307668706439
   -1.1912050815509      1.9924577007526
    1.3610558113891      2.5411552307226
   0.61665980869151      1.9949720430061
  -0.20483129935059      0.1495960418794
    0.4245971403036     0.35977585201683
   0.32173208178964    0.068019594564316
  -0.95559213159323    -0.13563936426926
   0.65450036366733       1.999121749255
  -0.98899372870101     0.60238040943912
   -1.4058982377377    -0.16869889514489
   -0.7634644850455      1.0489308185359
    1.0860063724783      1.8309386584114
   0.19568968772643      1.2191900935107
    1.2031299527961     0.63539534285724
 0.0019605248392021     -0.4701027168012
    -1.620519158882     0.20770770291122
    1.1571601182495      1.4540916573801
   -2.5195274532452      1.2534632887233
   0.98653852824664      1.2397380223599
    1.3948882556486      2.1835577357174
   0.44916751224959     0.75489320472846
   0.19373783320787      3.1978822776876
    2.5579612633852      2.2491422319869
    1.1709330055231       1.205448671015
    1.8813911351222    -0.70850947219655
     1.093391042519      3.4726333079475
  -0.70505424621612      1.7129961610178
   0.78332274171146      2.8400879918631
    2.8506031761677      1.8523503895497
    3.6602696597712      2.4567593965174
    1.8263138784804      1.5523574355052
    1.4653476475364     0.45328611139562
    3.4426059187382      2.3251307822146
    1.4714854706524     0.75113559465009
   -1.5360871815894      1.1300100708467
    1.1266677039083     -2.3983563330691
    2.4134950053444     0.99267397546037
   0.42700846323725    -0.91884047042629
   -1.9301243583396     -1.3513982171843
   0.22920994261712     0.54734277877728
    1.9973056909198      2.1496148323511
   0.12510493994224     0.70968933761086
    3.2819832508343     0.39208158208825
   -1.5167261936533       2.391554342082
   -1.8608864912524    -0.60051793949871
   0.82798021139284      0.2255275637183
  -0.49151350983568      1.3950594898148
    -1.958449717703      3.5501401055018
  -0.93566853071872      1.9452208790662
   -1.1234189305829      2.3949653366488
   -0.2066852023331      1.7005147463396
    1.3858733312456      1.5522476175552
 -0.078896600975098      1.6062893207008
   -2.1254246582305     0.44507386384625
  -0.51324119609108     0.40507503870928
    1.7761688965933      1.8086346421742
   -0.8131603821907      2.4580813308425
    -2.450889332459      0.1423565940302
    1.8313218343207      2.1953373989165
  -0.72503906296365      1.2619845881637
   -0.4529646398087    0.029237755634635
    0.4597016336582      2.6483086445636
    1.4728920905663     0.59228412812751
  0.032308125290769      2.7054278307942
   -1.7468501019953     0.92708064901414
    3.0189448352983      1.1892047831597
   0.57335322780884      1.1967791278641
   0.61038563356032    -0.37147599254468
  -0.66836733439593      1.8747208126983
   0.12978081715705     -1.0933415572889
 -0.068674361434843    -0.09783880062594
   0.40653042599407     0.23654274736752
   0.56879607063433       1.393419609773
  -0.53711678369155      2.4030789786541
   0.28952977043346      2.9726970393609
  -0.25696082446926      2.7517061901176
   0.96799296791247     0.54920021297484
    1.6222620115754     0.73594329527373
  -0.19920713478495      3.0381557985173
    2.1360590960448       1.823968494541
     0.694040102519      2.3831926679619
  -0.34196033478103   -0.064870613799213
   0.55580826765328      3.1839897993734
   -1.7474051090695      0.2727717025475
   -1.0070513367453     0.22163141412084
   -1.3088896895478     -2.0096136896909
    2.6589693096359    -0.38213063380156
  -0.16029119768839       1.685405702899
  -0.61495907301743      1.9676662277161
   0.65688952987526      2.7867555076138
    -1.234928452742      1.5235104785174
    0.3934311568579      2.3301045760641
    2.5555237699541      1.9124925029176
     0.907080880455      1.3231811745851
    1.0171061602309      1.1222990670679
   -1.8549066208767    -0.33883231243224
    3.2741834577081      2.5811985717089
  -0.70919571266061    -0.91854137076414
  -0.32404105767291      4.2585946555477
   0.89389768171698     0.32073311129449
  -0.42905584034366       2.589295048868
    2.1563225666625     0.64424874022652
    2.2742985549808      0.8875479161153
   0.89877633919143     0.97591716457907
    2.9675254207206      2.0257186236814
    1.4100235952413      2.2179129342717
    1.2156106321935    0.040474451642146
    2.4521393119337      2.7658901780009
   0.17235952555773      0.5449615004704
   -1.0010615159643       1.899717530262
    1.9995012876318      2.7347276817954
     1.867171073819      1.2473214836313
  -0.63740308606618      1.4189175744646
    1.6800030070516      1.5712195925675
   0.99255174613857      1.7777702591276
    1.5966098189956     -2.0287129185594
    2.6036786022893      2.7420920113786
    1.5059264860977      2.2509145536106
    1.2637945165931     0.61296884680557
  -0.82081899039059      1.1245043882771
   -1.1234847217116     0.45671970102193
    1.2294487671153        2.50247062977
   0.94696880532118      2.4329561792399
    1.4592748875069      3.6316212088737
  -0.13852232372003    -0.55527696869812
    1.8406014108543       2.121862491435
   -1.8922601857981     0.59249645129456
    2.4243983745592      1.9456100081457
  -0.44243883293929     0.85349845420152
  -0.32122123742104      1.1264962808339
     0.939843661641      2.1479129905831
    1.6029077805423     0.96639504918385
    1.4913782794625      1.8005640462846
  -0.55092716643377      1.5162870298429
   0.36889279060818     0.60307707020176
    2.1543166075309     0.54839688629892
    2.3570605476701      1.6023213806277
   0.22913957788899        3.02529343895
   -2.0053201697614     -2.5345544497973
   0.27918752225849       1.229950344238
   0.60068049110763     -0.2821896752502
    2.4825852739902      1.5414093017653
   -0.2748306830915      3.8121456220357
    1.5702526229001      2.0345807560421
  0.067626509896293      2.6927548611606
  -0.45954690983827      3.6073402365352
    2.2022798474504       2.348442092924
    1.7040496188132     -1.3302741145188
  -0.79259414084176      2.2333205103304
 0.0044334235545263      2.2576563586597
    1.3300553302866      3.8508270481639
   0.61871401969372     0.48295979797108
     1.080541328692     -1.0714345425826
   0.30401743809711    -0.38452095501119
   0.36318357730074     0.67565862733942
   -1.1719123049644      2.2627745795155
    2.4286675308083     0.13704302679312
    2.6420075276251     -1.1113930448432
    1.1554784482105      3.0034525233451
    1.0160265133415      3.0760761297713
  -0.77448702058566      3.1450009989169
  -0.08062426282762      1.7714867667764
     2.771977276609      1.5061196860087
  -0.70764190461227      2.1837844567285
    2.0793777564968      1.8127582855092
  -0.27526562948972    -0.31196160637481
-0.0052977724920815       2.838330289676
   0.74066091033251      2.2301196190329
  -0.83845725997797      2.1120507059444
  -0.17438745218543     -1.1414845757261
   -1.3037497000063    -0.48534755269667
   0.46737160155487      1.1814391103886
  0.092044781652624    -0.34983543085477
   -2.1859066439744      1.4288846384956
   0.66488328464268     0.68828400978001
   0.28791916248301      3.1781758891231
  -0.98649413409922      2.6767105885715
    1.7809864613978      2.2553919701295
   0.51518928982522     0.37119025816056
  -0.72255814537982      2.2857333767028
     0.117698876735      1.5574192523783
   0.32713624832082      1.5579264806319
  -0.42629941394888      2.5588956798119
   0.49799419208664     0.40092408852454
  -0.34029998225454      2.5218322456862
    1.9415508194838      1.5643384443277
    5.0940751070439      3.3610307467673
   0.49702616677336    -0.14778261000504
    -1.631124213551       1.949447599295
   0.36889478850324      2.4210863309016
   -2.0514172115586      2.3652652094152
    1.1259362689816      2.3332998273754
  -0.53718518636596     0.68562913864993
   0.28083671967482      2.7837276687655
   0.47308981296353      1.6034916758046
    3.5583893079698      4.6428205298862
    1.1479899808879    -0.29346473141603
   -1.6339433659456     0.44440577765486
  -0.69334921807624      1.1989715736709
    2.0371650378852     0.28279193265824
    1.4641815497083       2.867869396013
    1.4751447020035      3.3056314910976
   -1.6914573487013     0.52025605801483
   0.24490008634612       1.275215741293
  0.080047463026049      1.1128044113445
   0.93334681747026    -0.42619118172495
   0.81388151357459      2.6031939586429
    1.0495911230733      2.6733990837428
   -1.0252336944942     0.72722401248506
   -1.8377121254293      2.5357108895929
   -1.0438991611802    -0.19893528237541
   0.74942090536718      0.9162651174172
   0.44411718848011      3.0451055960629
    1.7180968801582      1.1823569904647
  -0.27947250644782      2.9688285354864
   -0.3526251327855    -0.15796841670604
   -2.7350615404917    -0.76061007254221
    2.0623321523495       3.222353818484
    2.1193899938171      4.6217533137693
    2.6808617359527      3.2273826517798
    2.1365091266108      2.5103085989767
   0.88424780375977      2.0510818999457
    1.9866913934965    -0.10097551376099
    1.5357250631565   -0.066472326142051
 -0.065544851893741     0.53888641642936
   0.39385582053782     -2.2914572734568
  -0.63556027926568      1.3312182726698
   0.98931368881234      2.0831398654665
    1.0522977938282      2.0533070591877
   0.93555259589632      1.3209967845534
    3.5023446000468      4.1585079270094
    1.1896219138208     0.49919431438991
  0.044437259975848      2.3233314965079
  -0.21852769774265      1.0667431545806
   -0.5824484485923     0.57258725865339
  -0.50051282579812      0.2549661326569
  -0.17465113291826     -2.1424522347233
    1.5726003317674      1.6164841618226
   0.71750168114556      1.3134844129665
   0.74214715339572     0.12956426835733
    2.6865328928615     0.58381633901189
    2.1410263115818      2.8373573579511
  -0.90404432185868    -0.52247366495089
   -1.3562691219874      1.6957714989332
   0.44788662648137      1.6724105236427
    2.3609047928256      3.0380610832215
    1.0920619164742     0.58534464324907
     0.335501980362     0.96573426928887
    2.1840880446152      3.1916282050222
   0.84854193069883     0.41444057614866
   0.60456111494629     0.29535371900034
    1.4681036677284       2.400302008266
  -0.46609453697174     -1.2920104932113
   -0.4117209152629     -0.6703572223879
    1.4613447116731      2.3025349307733
   -1.2806931651886     0.92577458761792
    1.0664375132062      3.1328979081518
   -1.1892202074321      3.1731565213619
  -0.13119091794663     0.81509098218745
  -0.69303285081175     0.46514899450494
    2.0748713194988      4.0045133671051
    3.6207405491876      3.5658362849993
    1.5748034918249      2.6059956240899
    -1.202243023442      1.1091674347926
   0.96983065357118      3.2334226193465
    2.8777521193613      1.4442055228363
   -1.7337217799581      1.4056672403053
    1.0967822889584      2.0688161522528
   0.49176428859904     0.37053551585671
   0.35847019951782      1.7852767883312
  -0.53944024990052      2.4226576531742
    1.3445567066093      1.9654399178179
    1.6869271011881      1.5512496965628
     1.027687750922      2.8171581609747
   0.67211304085153      2.6815045363699
   -0.4916614747038     0.49038466107477
   -1.2904110151659    -0.61395951044091
  -0.10587811786974     -1.0310275977849
  -0.32118590805753      1.0742263375806
    2.5621213868719      2.9395391537606
   0.26445606235256      1.5385978755508
   -1.9595329454083     0.56404650053569
    1.1420254826008       1.631466333073
    1.1955964831382      2.3295783235292
    2.4133294787648      2.8951934767861
  -0.90687120311716     0.91911561920421
    3.2447883334899     0.11701891959573
    1.4371322804344      1.0759041700962
   -1.9166304782501       2.384863949614
