    1.1449692905434      3.0934162908638
  -0.84353465956449      2.7891730468598
  -0.89805965869367      2.5956682607629
  -0.48339656835233      2.6937984628702
    1.8653938253689     -0.8254551986888
   0.70407103029752      2.6806614502592
  -0.88430759106862     0.68244023673016
   0.60348961430897     -1.0582150026598
   0.42362473398286      2.9942957700184
   0.56484687688834      1.4818211294373
   -1.7018557229176      3.1873715071297
    1.1378261598105     0.75104760131352
    0.4765901231905      2.9257082302708
   0.72069955109833      1.7647851893427
    1.7322877483688    -0.43402240583382
   -0.5115806102675      4.1167093815769
   0.11897412269468       1.276522513413
    1.6457732244965     0.82575787314078
    2.0181399211692     0.62783665330669
    2.3778351561291     0.31128451056102
    1.3762710693355      1.9541846475211
    1.2033095811894      0.1790001641358
    1.7367807228697        1.11065883993
    1.7233227374653     0.75192951498712
   0.82497480557996      3.0053622139828
   0.35597889124324      0.4737418566806
 -0.055927873273932      1.0977694509199
    1.6317097004564      1.8618269744908
  -0.72849343685623      2.5323627627398
    2.0011240683874     0.90334371993871
   0.98195281767908       1.635305534872
  0.073616271575478      1.9774163124391
   -1.5797491842025      4.4201985165699
    0.2325105775777      2.2903680409998
    2.1311224120252      1.5941790733813
   0.80055488174039       3.187559193091
   0.22521460666966       1.642611206328
   0.81313241794251     0.73271335322207
   -1.7528943466475      3.3223932077293
   -0.2861968659554     0.84546152771286
    -1.088719373467      1.8575689185008
  -0.16295491361864      3.0051162668435
    2.0654795859982      1.7155279995119
  -0.68327048943936      3.4635315701101
   0.50021552841695      1.2132010243239
    2.0067348463992      1.5257050535144
   0.72134800651866       1.115000012802
  -0.65651310340677      1.3777557341652
   0.64670884955967     0.54398802360824
    1.5705881430378     0.60022610302538
    0.5015489648509      2.6796711243539
    3.0251949515272     -1.5933194151491
   0.65399895047668     0.70654527640782
   -2.0469467358506      3.4549196471106
    1.8625684849031      1.0886179969117
   -1.2396165743728       2.910361613228
    1.9167126656604    -0.27812819313499
   -1.5893088194499      2.5299959036942
    1.4429061155577   -0.076198360959781
   0.08474164551201       1.144623625993
   0.36307277135595      1.1859944916936
    1.5267553526379    -0.34126995738072
   0.32913667717515      2.9639227351724
   0.50384579785109      1.2641279174976
    2.5085256807492     -0.2189822313405
   0.72258032974363      2.1622461310778
    1.6366943735251    -0.76943724885368
     2.089770246161      -1.113550175031
   0.18566556704519      3.9801157712215
   0.73951570748143      1.3786693134209
    -1.024943971909      3.0172221517011
   0.88452300340988      2.5958245947272
    1.7362474149613      2.8162630508433
 -0.025301266324338      1.9242740067675
 0.0024001744791655       3.000672498645
 -0.087389920461143   -0.057499458421408
    1.1613036331951      1.6518411005581
   -0.2954551489023       1.582222824727
    1.8766043051455      1.8415851477029
   -1.2359713191672      2.7307372328224
   0.38975557808088      2.0920446208412
    1.2257147531472      2.2073957081313
     1.630825123935     0.62990418381354
    1.3550428447103    -0.18115720559567
    1.8891122916933      0.4547706574012
   0.63487208740694    -0.34150110478614
    -1.326660922614      2.8127480096549
  -0.71868828098379      2.1105472812312
     1.718726839513     0.44311358265731
   0.13246298336449      1.2691733277253
    1.4583140257735      2.3713144696698
   0.40012791263971      2.4472655390249
   0.30382481438288      3.2296839148761
   0.64444838990474      1.4662183893739
   0.75480778844228      2.1286317522107
    2.2415979806113   -0.058656988778537
    2.4508934597199     -1.2302446611122
    1.7155325984572     0.59869110583857
    2.7033011375799    -0.84322733448265
  -0.26621620578046      0.8798029080787
  0.072161757114841      2.9234674297691
    1.5403950124059     0.74985958626845
    1.0813237299364      1.9430663533999
  -0.50465168751304      2.6937103384815
  -0.87317930551129      3.5561614838881
     1.810422950734      2.1909959049869
   0.71090866108476      1.7157345830178
  -0.47613869684369      4.4070070182155
    1.1431413724683       2.730209957295
   -1.7704398478573      1.8298327741796
   -0.3221451250154     0.43279912959525
   0.78872843543594      1.8771383096353
    2.0029805433165       1.663744156305
   0.14732044394127      2.7269804007663
  -0.77479818562038      2.6943826254112
  -0.46916738370133     0.47215716784758
   0.88048463298045      1.1619321084967
   0.83770055559805       2.210034529388
   0.44820826712522      3.0173299415792
   0.26899092374299      2.2385598171972
   -1.1717323752102     0.16943098481788
   0.60351045508594    -0.93056554209066
   0.99396175641591      1.8504738176149
   -1.2309224071744       3.845252391842
   0.81546751563647    -0.38412368378487
   -1.1016633444851      4.3605612860807
    0.2640616279457      1.4659285208957
   -1.3860299271749       2.659393384018
  -0.19457305803803     0.97153855379838
   0.17844731842799     0.19956565935452
    1.0212366544114      2.7203117397932
  -0.97542996358449      2.1156414066695
   0.95802283643464      1.6521869909692
   0.14340640480299      2.8385313693494
   -1.4564950671944      2.2174247089375
   -2.3693718472957      2.7740611670493
    0.3572106036672     0.73681045279659
  -0.90981824160509      3.2121749473234
  -0.17970023552383      1.2448298004912
  -0.19103278705939      2.4664869116245
  -0.62586133918724       3.955939421231
    1.5924841358178    -0.11606731708133
  -0.35019520473958      2.6939032063891
  -0.56296637309675        0.85700923833
  -0.41812060383767     0.34324795902505
    1.0913531972525     -1.2979338111058
   -1.1268005674355      4.2202691136903
  -0.23019923141757      2.8392402270848
   0.79331701261837     0.71297604650334
    2.7628694726779    -0.96003440320226
   0.10382983455941      1.5454672327499
   0.43329944543254     0.70896026199467
    1.7548521094195      1.6799202534719
    1.9114511382114      2.2179340285984
   0.97347033631636     0.95317105168174
  -0.98810718807055      1.1061703344761
   -0.8840914507591      1.6711842951713
   -2.4648649711916       3.727937981068
   0.59611980605537      1.7880850294642
    1.6151867697545      1.2038688964906
    1.0315683018861     -1.0215377641098
     1.646426513185      1.6964381329262
   0.12792014583115      2.1814431734397
    2.6752131901911    -0.59525811227016
    1.5787980067507     0.37257720228367
    1.1943254597992      1.8702333056594
  -0.49878765267746      2.9792712387424
    1.2544633201581     -2.4928129645042
   0.20800474336321     0.76352792257993
  -0.19356718890289      1.8416763843715
   -1.1161935759524      2.1263407617753
  -0.46000419901107      2.6414950269113
   0.66621389498604     0.60978623658433
    -1.029593764802      2.5074885266431
  -0.41039398427383      1.8073834726707
  -0.28211865287378      2.4283349641088
   -1.7791827824337      3.3344841660615
    2.3112607392213      1.0738489311159
    1.4434593300582     -1.2783659714738
    1.2441299407432    -0.62937176526139
  -0.34058126776336      3.9976812528079
   -1.8913580120073      5.2416926732877
   -1.7254263903871      3.4855904719588
  -0.64123563064054      2.4158374303556
   0.43155171312858       4.520339277197
   0.57048237581586     0.60758537026853
   0.19183679108425      2.7044720750866
    1.3299909552782     -0.3641651787787
    1.3771924131602    -0.80134685665286
   -1.5054982486324      3.4387388862715
  -0.43019484781792      2.9727564606262
    1.4470695816354     0.13271436802657
 -0.041354242269061      1.1769623748894
    2.3325458233113     -1.4799399159375
  0.015528238226873      1.4332168978141
   -3.8287150198898      4.0907097652257
   0.90449413189701      1.2939243711303
  -0.91296776441078      3.6683913660631
   -1.8540412514482      2.7092828236351
     -1.59051913173       3.706298327078
  -0.71641902798288      1.4156064068702
   0.44201478500984      1.9879217284066
   0.89574471531248     -0.1402727624385
   -0.7204980511079      1.1564757676027
   -1.7924066701216       3.279769300084
   0.56796641099209      1.5724673532269
   0.48366943027556      1.3765354653359
  0.053256113928352      2.7295270593058
    0.6067512796188      2.1275434814389
    0.6904691303233     0.68538260279189
    1.4683723805637     0.92395624815532
    1.0437833457408      2.0586152151984
     1.051163879426    -0.13158753497911
    1.3372633329311     0.66210922568708
    1.3503997191486     0.56607284728264
   0.46773534961896      2.1611465276739
   -1.1836164277194       1.011395076065
   0.38579167470146      1.8004867933342
    1.1860143784011     0.28238063039924
  -0.39494598264147      2.4603446396359
    1.5664862153803    0.097423676630233
   0.40221365523343       2.316747876801
    0.8206597621644      1.3882711990443
 0.0051783255208034      1.1103719496562
   0.22607281675749     0.54143200645336
  -0.69073284474592     0.48847024917183
  -0.97821449206589      1.9165255850178
   0.41346658212551    -0.45854916039829
   0.90221788139154    -0.76097508491875
   0.89326643990094    -0.77116207990401
    1.0564999256728      1.8105218420625
    1.5300112845912      1.2680303353517
    1.6118779124542      1.3722036632193
     0.206570116006      1.9852996050971
  -0.30665899612218      0.9487168437654
    2.3583959258409  -0.0076672613438555
   -0.9576129704468      1.8248516904814
   0.27590006204754      0.9298725811922
  -0.78914461715392     0.41122036000709
  -0.22793760334618      3.0717478120097
  -0.73833221799632      2.2045991906851
   -1.1982528253373      4.0536302489079
   -1.0487727631525       2.450272724282
   0.42046329648513     0.05876149787692
   -2.9135967828377      5.7312724544861
   0.94201546387172     0.58377537304487
    1.2171571154955     0.15038797901135
 -0.010013245044279      1.4744122137602
  -0.73454206341898      2.7187147979978
  -0.62666612347692      2.1925998544091
  -0.15132992815053      2.5490398065423
   0.91870485677915      1.8115054931212
    0.7595066186745      1.1403096850079
    1.0698860466162      3.6455618162668
   0.11735164922399      3.3059174576768
   -1.5263123777178      5.3374435250942
  -0.18041834448379      3.1175321700377
   0.25107195217924      1.9437503849419
    1.5550564576438  -0.0049097987482356
    1.5496032390187      1.4743957013852
    1.5247996104956    -0.30931889175092
   0.58517549362353     0.88115221255033
     1.015185298699      1.7046841523554
    1.5900473532074      2.3717569712403
  -0.94013508624773      3.2279480887161
  0.068002297735133      2.9721646161795
 -0.020026231621071      1.7397072369429
  -0.95937674355489      2.9718325873194
    1.6882215429515      2.2583200785184
     1.229412732923     0.33896532612776
   -1.4543856982189      4.1225088304564
    1.4698945813899      1.8783422877275
   0.14015472643284       2.300712057556
   0.56137101716862      3.2361946862432
  -0.69547689067289      2.4520083053667
    1.3271667382062      1.5082802096237
    1.7457498170559    -0.34838742084786
   0.77756465196289     0.97127796252401
    1.3421757226216      2.0552375263318
  -0.35345940876012      1.1586131372619
   -1.6379129457221      1.5187762223161
  -0.14760075280297      1.8983649858278
   -1.0258298501159      2.0689032470928
   0.22163109875589      2.3432580054465
   0.34306620140839      3.4454492202559
   0.89545286927614    -0.39887834825472
   -1.0146510093456       2.467701983574
  0.039968672342256      1.0863147493304
  -0.17564249800807      2.3306600002953
 0.0015740764557334      1.5346089884528
  -0.11332779720515     0.62137369362279
   -1.4730991365495      3.1576633090761
   0.82157520305521      2.4030850238858
   -1.1624404967447      2.2000726849874
   0.42114532057002      1.9159551288497
   -1.1512878214038      2.9909157096749
  -0.32634390893811      1.9043214650217
    1.4332965651666    0.084215372673149
    1.3101626600376      1.1843131356394
   0.92533068546148      2.3711589921124
   -1.7740636298635      2.7091227366717
  -0.30334141260529     0.90842939881757
   -1.0984636534937      2.8699415802093
   0.12748356408997      1.0302985036913
     1.616014156993      3.1239738798735
   0.51571643726602     0.68368628360885
    1.2860597584567    -0.12728980881697
     2.625268766068    -0.53313705432869
  -0.66534181955991       3.940384795865
    1.4472059862578      1.5112389716032
    0.9322292103844      3.7472463338284
  -0.10841805976563       2.916891597842
  0.014133091552221      1.8428422271809
      1.61854719465       1.650164554489
   0.79815837445236      2.0718219768895
 -0.093646713700753      1.8452372232491
    2.5325062024671     0.12398094620776
    0.8964709440802      1.0846517584638
  -0.58092996111923      3.0833836859328
  -0.88312457882045      4.1579536489886
   -1.1364254952515      3.6758389340769
  -0.44270682130979      2.3284953980515
    1.1108294310271      1.7176018682552
   -1.0623259580862      2.0850417516115
    1.6585072975411      1.1461489273507
  -0.55205926547956     0.96820993167437
  -0.55469940717082      2.0908465753275
   -1.3205989520248      1.7840564377878
    1.9394149803226      1.1134289720859
    -1.118245497829      3.5366230893365
   -1.7995525250806      4.1284040716202
    1.9128849039346      1.7788823828031
    1.2480658683036      1.6279199319622
   0.15552337139586       0.286715581107
    1.5614130736093    -0.54908283507991
   0.92358038662072      1.6881124984767
    1.1725688180709       3.059025378523
  -0.91014303530611      2.0890764056338
  -0.10851272794566      2.1973403479545
  0.070869427131056     0.73006763674287
   0.46445001348325      3.8197486793459
     2.160126206905     -1.1303843670338
   0.53383563232779      3.5034745295677
   0.69956202676832      2.5955783308579
    1.0638723529295       1.028750422112
  0.025096905983468      4.3748908769278
   0.97073154526519      3.3572620492343
  -0.54808202293727      1.4262504915782
     1.181547059467     0.37246096797074
   0.95989358124305     0.94115442473689
  -0.90621572529618      2.3896086772126
    1.8242134838213      1.3122162076005
    1.3460281980441           1.05770051
    1.6003713403124     0.91321534504269
    1.9962074577566     -1.2138297575951
  0.077069725743631      1.4725967620516
   -0.4217513061652      1.2524096923498
   0.37921627938531      1.6925047034655
  0.073888017325625      1.4063594811774
   -0.8515597239295      3.0093596401519
    1.3311963808011      1.3662711475268
    1.2024404717235    0.025014896749321
    1.5943695405288     0.54054319267575
  0.065756824181249      2.8289520799756
   -1.1711761941777      3.2240508918522
   -2.0598855650403      2.2227839709563
   0.28961482966039      1.6043241637761
    0.7915183114743      2.4355510094773
  -0.58996783598023       3.671423474548
   0.71016870100144      1.8662601860654
  -0.12592771653198      2.4867938658524
  -0.74799044524706       1.377511728823
    1.1162414571296     0.14580022881997
   0.14629650999624     -1.4494801653413
   0.37629356396116      1.0292500910037
-0.0089995296387803      2.6568700496187
   -1.4553002214345      3.5358820519714
   0.96091965254972     0.86196686289914
   0.19749038327732      2.2054172850145
  -0.73641315702106      3.7701473656158
    2.4675563722874     0.45094538723187
   0.79142698788312      2.5419456757859
    2.0384982229479     0.56333235872314
    1.4329311979519    -0.28274498326449
    2.4003250133202     0.13205905060726
    1.1086320987439       1.339688114838
     2.234235822424      1.3086258269846
  -0.36121399069792      2.6247261700973
  -0.42296716555456      2.7504706360192
    1.5657203597674      -1.159732684858
  -0.39357317063652       2.816006692605
  -0.35834516926537      1.0949979818895
  -0.49105799249342      4.7837281840578
   0.85551131066769      1.3722361926225
  -0.77898753741994      2.0862551043671
   0.51148808869279     0.59065573718506
    1.5520378326041      1.3244931301105
   0.46719720111384       1.881953807213
    0.2813626798584    -0.24116133294797
   0.58672690915557      2.2169624049118
   -1.9086102186701      3.2051677713115
   0.64745514816634      1.7092873710727
      1.04513004083      1.3307346937674
    1.9089657936845     -1.2273478129597
    1.8087020056459     0.35474769719271
     1.189012296639      1.0058424095839
   -1.6298840411888      2.9944678841786
  -0.36652454069216      3.5830317438976
  -0.30257466904155      2.4953785009023
    2.4233840533004      1.0513145222874
   0.34657690623547    -0.66978520534005
    1.5315470041223     0.31388014416003
   0.57932118476738     0.57631705543266
   0.70998185427669      2.6065830721763
   -1.3552021784034      3.9370101479653
   0.59707669589625     0.53250216722009
    1.9766523725877    -0.01283505663669
    1.1382141216629     0.24626839852981
   0.50359428380216      1.1055534415092
   -1.3839694149791      2.2828383448181
   -0.2575890470532      1.3909072766039
   0.41625576446005     0.78809294043606
   -1.0140476899745     0.47933073922282
    1.6959105046571    -0.93338311118207
  -0.62070976343825      1.6548848391701
  -0.48277136504438     0.94772558356523
   0.14337666600276      2.0450277473944
    1.6453652219255      3.1357006835855
    1.3847029249894      1.2791411659547
 -0.069630213945397      2.1574918655218
  -0.82487626143777      3.5933395735145
  -0.30702946696084      1.4142311696374
    2.7157828641132     0.99436576036367
    1.8768106885385      1.7681748656497
    1.3903329079576      3.0250714979995
  -0.30841412423574      1.2849312472362
  -0.10462553994888      1.7846963242125
   0.29074380652005      1.6241284483211
   0.36399042518188    -0.21076158276818
   0.73093389027006    -0.36236616656743
  -0.04150776714537      2.3222343905605
  -0.18219581000935      1.9927079128311
    2.4212172919089    -0.58445614211732
  -0.41466066822548      4.5532028342552
   -2.2405809482423      1.7200515243269
   0.76843294503744     0.95571526371243
  -0.35828434679951      1.3240715260562
    2.1484568924084    -0.82376175697224
   0.84001360318474     0.53176064087316
    1.1309359644637      2.0475941687014
  -0.73797729489343       1.470934545951
  -0.22078767007444      1.0678257905983
  -0.76470550435048      2.8108620693227
    1.1982310992566      1.4093767866233
   -1.2455801919122      4.0772023357258
  -0.13425816175372      2.0486652872209
    1.9351208656869   -0.033136043754911
    1.1803824241871     0.83122547534244
  -0.74158890991256      2.0671822033809
   0.53539638424003      2.9971103697107
    1.7464284559703    -0.13308135042527
    1.9469684188643    -0.20578138527679
   0.17333897794463     0.74058685408458
    1.4396994117669     0.15976304216918
   0.57392182339328     0.52421868146581
   0.46735697032625      0.4909745684458
    1.0750057813242      3.2692623296548
